0 0.142372 0.824388 0.155356 0.814979 0.196802 0.995730 0.183818 1.000000
0 0.541667 0.288889 0.547083 0.284074 0.553125 0.305556 0.547708 0.310370
0 0.056771 0.636111 0.071354 0.636111 0.071354 0.657407 0.056771 0.657407
0 0.216387 0.054039 0.228846 0.032741 0.247992 0.068140 0.235533 0.089438
0 0.623614 0.524090 0.630141 0.520867 0.634021 0.545699 0.627494 0.548923
0 0.278379 0.216305 0.285620 0.206007 0.298526 0.234688 0.291286 0.244986
0 0.078509 0.744697 0.087517 0.714450 0.102545 0.728594 0.093537 0.758841
0 0.229687 0.112963 0.241146 0.112963 0.241146 0.128704 0.229687 0.128704
0 0.431042 0.465556 0.436667 0.462222 0.439896 0.479444 0.434271 0.482778
0 0.275938 0.130185 0.285313 0.121852 0.290312 0.139630 0.280938 0.147963
0 0.217187 0.334259 0.223958 0.334259 0.223958 0.345370 0.217187 0.345370
0 0.684135 0.930219 0.687668 0.923489 0.700343 0.944519 0.696809 0.951249
0 0.959375 0.857407 0.968750 0.857407 0.968750 0.868519 0.959375 0.868519
0 0.763542 0.312037 0.767464 0.307554 0.774927 0.328192 0.771004 0.332675
0 0.601356 0.779734 0.607891 0.776415 0.610820 0.794637 0.604285 0.797956
0 0.602007 0.777484 0.615212 0.774876 0.616482 0.795201 0.603277 0.797809
0 0.234835 0.131972 0.244271 0.127778 0.246599 0.144336 0.237163 0.148529
0 0.513229 0.460926 0.519688 0.455185 0.523021 0.467037 0.516563 0.472778
0 0.212168 0.575596 0.226843 0.555097 0.248802 0.604782 0.234127 0.625280
0 0.754262 0.946694 0.759789 0.940441 0.768324 0.964286 0.762797 0.970539
0 0.093285 0.661155 0.105723 0.659991 0.106595 0.689441 0.094157 0.690605
0 0.351042 0.638889 0.357812 0.638889 0.357812 0.649074 0.351042 0.649074
0 0.315104 0.325926 0.326562 0.325926 0.326562 0.335185 0.315104 0.335185
0 0.060146 0.815148 0.076146 0.777222 0.086229 0.790667 0.070229 0.828593
0 0.591667 0.816667 0.596875 0.816667 0.596875 0.829630 0.591667 0.829630
0 0.697267 0.700161 0.703287 0.696950 0.705982 0.712921 0.699962 0.716132
0 0.561990 0.664944 0.568260 0.663352 0.569458 0.678259 0.563187 0.679852
0 0.377083 0.562963 0.386458 0.562963 0.386458 0.581481 0.377083 0.581481
0 0.608333 0.779630 0.616146 0.779630 0.616146 0.795370 0.608333 0.795370
3 0.542552 0.287130 0.548490 0.283611 0.552760 0.306389 0.546823 0.309907
3 0.054687 0.651852 0.061042 0.629259 0.073542 0.640370 0.067187 0.662963
3 0.216672 0.053473 0.229366 0.032711 0.248020 0.068758 0.235326 0.089519
3 0.217187 0.334259 0.223958 0.334259 0.223958 0.345370 0.217187 0.345370
3 0.577674 0.889623 0.578360 0.878647 0.584534 0.879867 0.583848 0.890842
3 0.623614 0.524090 0.630141 0.520867 0.634021 0.545699 0.627494 0.548923
3 0.278125 0.218519 0.284635 0.206944 0.299479 0.233333 0.292969 0.244907
3 0.078484 0.744593 0.087893 0.714483 0.102752 0.729158 0.093342 0.759268
3 0.229687 0.112963 0.241146 0.112963 0.241146 0.128704 0.229687 0.128704
3 0.430833 0.465370 0.436615 0.461944 0.440000 0.480000 0.434219 0.483426
3 0.275938 0.130185 0.285313 0.121852 0.290312 0.139630 0.280938 0.147963
3 0.684135 0.930219 0.687668 0.923489 0.700343 0.944519 0.696809 0.951249
3 0.959375 0.857407 0.968229 0.857407 0.968229 0.868519 0.959375 0.868519
3 0.763830 0.312291 0.767695 0.308063 0.773471 0.324750 0.769606 0.328978
3 0.601094 0.779907 0.607656 0.776019 0.611042 0.794074 0.604479 0.797963
3 0.602063 0.777411 0.615316 0.775055 0.616455 0.795315 0.603202 0.797671
3 0.235036 0.131802 0.244651 0.128383 0.246474 0.144587 0.236859 0.148006
3 0.513021 0.463889 0.518229 0.454630 0.523438 0.463889 0.518229 0.473148
3 0.376853 0.562794 0.386033 0.561628 0.386810 0.580974 0.377631 0.582140
3 0.212168 0.575596 0.226843 0.555097 0.248802 0.604782 0.234127 0.625280
3 0.061180 0.807604 0.076501 0.782843 0.084373 0.798236 0.069052 0.822997
3 0.093257 0.661109 0.105722 0.659942 0.106595 0.689441 0.094130 0.690608
3 0.754176 0.946454 0.759703 0.940201 0.768324 0.964286 0.762797 0.970539
3 0.315104 0.325926 0.326562 0.325926 0.326562 0.335185 0.315104 0.335185
3 0.350000 0.642593 0.356458 0.636852 0.359167 0.646482 0.352708 0.652222
3 0.059833 0.814963 0.076646 0.775111 0.087062 0.789000 0.070250 0.828852
3 0.590521 0.827407 0.592813 0.815185 0.598281 0.818426 0.595990 0.830648
3 0.698438 0.698148 0.705208 0.698148 0.705208 0.713889 0.698438 0.713889
3 0.561989 0.664945 0.568406 0.663315 0.569604 0.678222 0.563187 0.679852
3 0.608333 0.779630 0.616146 0.779630 0.616146 0.795370 0.608333 0.795370
3 0.143838 0.823825 0.156862 0.815038 0.195848 0.997658 0.182824 1.000000
