0 0.447396 0.985185 0.456250 0.985185 0.456250 0.999074 0.447396 0.999074
0 0.699219 0.789352 0.707813 0.774074 0.711979 0.781482 0.703385 0.796759
0 0.650000 0.914815 0.650000 0.896296 0.659375 0.896296 0.659375 0.914815
0 0.480729 0.185185 0.485938 0.185185 0.485938 0.198148 0.480729 0.198148
0 0.000000 0.269444 0.028542 0.237593 0.037813 0.270556 0.001979 0.302407
0 0.725781 0.711574 0.734635 0.695833 0.739323 0.704167 0.730469 0.719907
0 0.686280 0.811189 0.696491 0.789003 0.702220 0.797337 0.692010 0.819522
0 0.678401 0.849183 0.684234 0.820148 0.692020 0.825092 0.686187 0.854127
0 0.509958 0.164667 0.520021 0.140815 0.527354 0.150593 0.517292 0.174444
0 0.657240 0.880278 0.671146 0.872037 0.674063 0.887593 0.660156 0.895833
0 0.295833 0.258333 0.324479 0.258333 0.324479 0.313889 0.295833 0.313889
3 0.000000 0.270748 0.028131 0.237495 0.037776 0.269983 0.002335 0.303236
3 0.447396 0.985185 0.455729 0.985185 0.455729 0.999074 0.447396 0.999074
3 0.480729 0.185185 0.485938 0.185185 0.485938 0.198148 0.480729 0.198148
3 0.509958 0.164667 0.520021 0.140815 0.527354 0.150593 0.517292 0.174444
3 0.657448 0.880463 0.671198 0.872315 0.674063 0.887593 0.660313 0.895741
3 0.295833 0.258333 0.324479 0.258333 0.324479 0.313889 0.295833 0.313889
