0 0.197248 0.172694 0.206096 0.166748 0.233108 0.293772 0.224260 0.299718
0 0.510417 0.290741 0.515104 0.290741 0.515104 0.304630 0.510417 0.304630
0 0.570152 0.256980 0.572636 0.234900 0.577344 0.236574 0.574860 0.258654
0 0.978125 0.887037 0.985156 0.874537 0.994011 0.890278 0.986979 0.902778
0 0.665589 0.579470 0.671426 0.575319 0.675916 0.595275 0.670079 0.599425
0 0.572396 0.541667 0.578125 0.541667 0.578125 0.551852 0.572396 0.551852
0 0.425959 0.516756 0.431950 0.515869 0.433111 0.540619 0.427119 0.541507
0 0.723958 0.748148 0.728125 0.740741 0.736979 0.756482 0.732813 0.763889
0 0.184978 0.721619 0.189177 0.715452 0.202175 0.743424 0.197976 0.749591
0 0.935096 0.736966 0.940545 0.722436 0.952203 0.736253 0.946755 0.750783
0 0.439951 0.638007 0.442020 0.629915 0.461758 0.645865 0.459689 0.653957
0 0.565208 0.777222 0.572500 0.770741 0.579063 0.794074 0.571771 0.800556
0 0.243125 0.033889 0.252521 0.023549 0.268582 0.069674 0.259186 0.080014
0 0.556250 0.276852 0.564583 0.276852 0.564583 0.304630 0.556250 0.304630
0 0.607031 0.520833 0.610937 0.513889 0.619531 0.529167 0.615625 0.536111
0 0.503281 0.640833 0.505365 0.629722 0.511458 0.633333 0.509375 0.644445
0 0.974756 0.851838 0.982815 0.845226 0.990589 0.875172 0.982530 0.881784
0 0.890625 0.692593 0.895833 0.692593 0.895833 0.703704 0.890625 0.703704
0 0.461647 0.549008 0.483176 0.508342 0.501193 0.538488 0.479664 0.579154
0 0.359375 0.109259 0.366667 0.109259 0.366667 0.122222 0.359375 0.122222
0 0.539113 0.386924 0.544195 0.375632 0.555564 0.391802 0.550483 0.403094
0 0.565625 0.860185 0.572917 0.860185 0.572917 0.871296 0.565625 0.871296
0 0.569792 0.644444 0.575521 0.644444 0.575521 0.656482 0.569792 0.656482
0 0.439583 0.750926 0.443750 0.750926 0.443750 0.766667 0.439583 0.766667
3 0.504167 0.631481 0.510417 0.631481 0.510417 0.643519 0.504167 0.643519
3 0.197662 0.172102 0.206001 0.166632 0.232593 0.294732 0.224255 0.300202
3 0.510417 0.290741 0.515104 0.290741 0.515104 0.304630 0.510417 0.304630
3 0.570208 0.257037 0.572475 0.234874 0.577242 0.236415 0.574975 0.258578
3 0.978229 0.882963 0.988542 0.876852 0.992240 0.896574 0.981927 0.902685
3 0.665313 0.580370 0.670938 0.575370 0.676354 0.594630 0.670729 0.599630
3 0.425959 0.516756 0.431950 0.515869 0.433111 0.540619 0.427119 0.541507
3 0.935096 0.736966 0.940545 0.722436 0.952203 0.736253 0.946755 0.750783
3 0.440019 0.637538 0.442099 0.629775 0.461669 0.646342 0.459590 0.654106
3 0.565208 0.777222 0.572500 0.770741 0.579063 0.794074 0.571771 0.800556
3 0.184978 0.721619 0.189177 0.715452 0.202008 0.743065 0.197809 0.749232
3 0.243125 0.033889 0.252521 0.023549 0.268671 0.069929 0.259275 0.080269
3 0.555039 0.277828 0.563401 0.275350 0.566061 0.303729 0.557700 0.306206
3 0.606771 0.520370 0.610677 0.513426 0.619531 0.529167 0.615625 0.536111
3 0.890625 0.692593 0.895833 0.692593 0.895833 0.703704 0.890625 0.703704
3 0.461647 0.549008 0.483176 0.508342 0.501193 0.538488 0.479664 0.579154
3 0.359375 0.109259 0.366667 0.109259 0.366667 0.122222 0.359375 0.122222
3 0.539083 0.387296 0.543958 0.375741 0.555708 0.391407 0.550833 0.402963
3 0.565625 0.860185 0.572917 0.860185 0.572917 0.871296 0.565625 0.871296
3 0.569792 0.644444 0.575521 0.644444 0.575521 0.656482 0.569792 0.656482
3 0.439583 0.750926 0.443750 0.750926 0.443750 0.766667 0.439583 0.766667
