0 0.520208 0.549630 0.525208 0.545185 0.530417 0.563704 0.525417 0.568148
0 0.515586 0.042837 0.520969 0.032397 0.531087 0.048885 0.525704 0.059326
0 0.917344 0.637870 0.925313 0.633148 0.930052 0.658426 0.922083 0.663148
0 0.415625 0.063889 0.420833 0.063889 0.420833 0.084259 0.415625 0.084259
0 0.956356 0.817238 0.966220 0.802472 0.989248 0.851086 0.979384 0.865853
0 0.194375 0.236481 0.200417 0.231111 0.206354 0.252222 0.200313 0.257593
0 0.486458 0.722222 0.493229 0.722222 0.493229 0.739815 0.486458 0.739815
0 0.574771 0.180630 0.575688 0.169222 0.587865 0.172315 0.586948 0.183722
0 0.270833 0.397222 0.273646 0.387222 0.279896 0.392778 0.277083 0.402778
0 0.152640 0.423824 0.157908 0.406431 0.174121 0.421950 0.168853 0.439343
0 0.951042 0.792593 0.951042 0.740741 0.961979 0.740741 0.961979 0.792593
0 0.626402 0.247650 0.632512 0.245477 0.634916 0.266845 0.628806 0.269017
0 0.921915 0.667023 0.929828 0.664209 0.931871 0.682372 0.923958 0.685185
0 0.256250 0.681481 0.266146 0.681481 0.266146 0.705556 0.256250 0.705556
0 0.380511 0.893248 0.384455 0.884191 0.408837 0.917748 0.404893 0.926805
0 0.174125 0.845593 0.193500 0.799667 0.209500 0.821000 0.190125 0.866926
0 0.207552 0.343056 0.211979 0.335185 0.221354 0.351852 0.216927 0.359722
0 0.254226 0.717350 0.256122 0.680282 0.267299 0.682089 0.265403 0.719156
0 0.360938 0.626852 0.369792 0.626852 0.369792 0.645370 0.360938 0.645370
0 0.444809 0.101763 0.464688 0.084800 0.473985 0.119236 0.454107 0.136199
0 0.203646 0.359259 0.214062 0.359259 0.214062 0.375926 0.203646 0.375926
0 0.693590 0.970798 0.698197 0.969159 0.699820 0.983583 0.695212 0.985221
0 0.259359 0.525973 0.272038 0.520093 0.276939 0.553489 0.264260 0.559369
0 0.963772 0.838317 0.971759 0.821876 0.990011 0.849899 0.982024 0.866340
0 0.253931 0.293709 0.256500 0.281532 0.266260 0.288039 0.263692 0.300216
0 0.409161 0.375599 0.415564 0.330065 0.423652 0.333660 0.417249 0.379194
0 0.139561 0.555768 0.145596 0.499435 0.182549 0.511948 0.176513 0.568281
0 0.197917 0.275000 0.208854 0.275000 0.208854 0.287037 0.197917 0.287037
0 0.951042 0.761111 0.961979 0.761111 0.961979 0.793519 0.951042 0.793519
0 0.980625 0.887593 0.991667 0.877778 1.000000 0.918889 0.992188 0.928704
0 0.360584 0.644026 0.361654 0.611676 0.398384 0.615517 0.397313 0.647867
0 0.218588 0.268181 0.222178 0.259247 0.236022 0.276827 0.232432 0.285761
0 0.371904 0.747884 0.379359 0.709781 0.394429 0.719099 0.386974 0.757203
0 0.366274 0.628051 0.380516 0.606952 0.397848 0.643928 0.383607 0.665027
0 0.578125 0.835185 0.583854 0.835185 0.583854 0.850000 0.578125 0.850000
0 0.464063 0.403704 0.464063 0.387037 0.470833 0.387037 0.470833 0.403704
0 0.515104 0.498148 0.525000 0.498148 0.525000 0.514815 0.515104 0.514815
0 0.960938 0.803704 0.970833 0.803704 0.970833 0.825000 0.960938 0.825000
0 0.575000 0.797222 0.575000 0.785185 0.580729 0.785185 0.580729 0.797222
3 0.360590 0.644035 0.361641 0.611664 0.398337 0.615428 0.397287 0.647799
3 0.486050 0.723423 0.492638 0.721471 0.494285 0.739039 0.487697 0.740991
3 0.520208 0.549630 0.525208 0.545185 0.530417 0.563704 0.525417 0.568148
3 0.463031 0.402595 0.463913 0.386918 0.471545 0.388275 0.470663 0.403951
3 0.917344 0.637870 0.925313 0.633148 0.930052 0.658426 0.922083 0.663148
3 0.415625 0.084259 0.415625 0.062963 0.420833 0.062963 0.420833 0.084259
3 0.956085 0.817712 0.966121 0.802418 0.989688 0.851296 0.979651 0.866590
3 0.194375 0.236481 0.200625 0.230926 0.206563 0.252037 0.200313 0.257593
3 0.154719 0.409648 0.171635 0.405352 0.173312 0.426222 0.156396 0.430518
3 0.574479 0.180556 0.575396 0.169148 0.587646 0.172259 0.586729 0.183667
3 0.270729 0.397593 0.273750 0.386852 0.280000 0.392407 0.276979 0.403148
3 0.980625 0.887593 0.991667 0.877778 1.000000 0.919630 0.992396 0.929445
3 0.951042 0.792593 0.951042 0.740741 0.961979 0.740741 0.961979 0.792593
3 0.626134 0.247876 0.632138 0.245207 0.635141 0.266558 0.629136 0.269227
3 0.922252 0.666467 0.930200 0.664701 0.931466 0.682707 0.923518 0.684473
3 0.380511 0.893248 0.384455 0.884191 0.408837 0.917748 0.404893 0.926805
3 0.208594 0.344907 0.213021 0.337037 0.221354 0.351852 0.216927 0.359722
3 0.254006 0.706980 0.257131 0.679202 0.267248 0.682799 0.264123 0.710577
3 0.359063 0.630741 0.367656 0.625648 0.370938 0.643148 0.362344 0.648241
3 0.445054 0.101503 0.464932 0.085096 0.473905 0.119455 0.454027 0.135862
3 0.203646 0.359259 0.214062 0.359259 0.214062 0.375926 0.203646 0.375926
3 0.693710 0.970940 0.698217 0.969338 0.699820 0.983583 0.695313 0.985185
3 0.259326 0.525747 0.272005 0.519867 0.276939 0.553489 0.264260 0.559369
3 0.514504 0.043276 0.519655 0.031622 0.531179 0.047719 0.526029 0.059373
3 0.256250 0.282407 0.265104 0.282407 0.265104 0.297222 0.256250 0.297222
3 0.409161 0.375599 0.415564 0.330065 0.423652 0.333660 0.417249 0.379194
3 0.139523 0.555164 0.145833 0.499074 0.182692 0.512179 0.176382 0.568269
3 0.197917 0.275000 0.208854 0.275000 0.208854 0.287037 0.197917 0.287037
3 0.966213 0.841372 0.973934 0.825359 0.990233 0.850196 0.982512 0.866209
3 0.218688 0.267741 0.222438 0.258852 0.236271 0.277296 0.232521 0.286185
3 0.371904 0.747884 0.379359 0.709781 0.394429 0.719099 0.386974 0.757203
3 0.366208 0.627630 0.380640 0.606784 0.397559 0.643804 0.383127 0.664649
3 0.578125 0.835185 0.583854 0.835185 0.583854 0.850000 0.578125 0.850000
3 0.174125 0.845593 0.193500 0.799667 0.209500 0.821000 0.190125 0.866926
3 0.515104 0.498148 0.525000 0.498148 0.525000 0.514815 0.515104 0.514815
3 0.575000 0.785185 0.580729 0.785185 0.580729 0.797222 0.575000 0.797222
