0 0.446263 0.303215 0.467010 0.276505 0.480968 0.310772 0.460220 0.337481
0 0.470833 0.660185 0.478646 0.660185 0.478646 0.677778 0.470833 0.677778
0 0.218229 0.650000 0.226042 0.650000 0.226042 0.659259 0.218229 0.659259
0 0.162240 0.482870 0.167188 0.474074 0.175521 0.488889 0.170573 0.497685
0 0.252604 0.777778 0.252604 0.765741 0.259896 0.765741 0.259896 0.777778
0 0.414724 0.267913 0.420433 0.265883 0.422857 0.287429 0.417147 0.289459
0 0.938496 0.772347 0.945329 0.765261 0.951544 0.784202 0.944711 0.791288
0 0.234236 0.657611 0.235742 0.648692 0.243674 0.652922 0.242168 0.661842
0 0.116667 0.855556 0.131771 0.855556 0.131771 0.873148 0.116667 0.873148
0 0.189583 0.616667 0.195052 0.606944 0.208854 0.631481 0.203385 0.641204
0 0.161696 0.602320 0.166982 0.590104 0.179718 0.607521 0.174433 0.619737
0 0.972396 0.856481 0.984896 0.856481 0.984896 0.902778 0.972396 0.902778
0 0.982129 0.930024 0.990172 0.918109 0.997985 0.934775 0.989942 0.946691
0 0.167187 0.755556 0.178646 0.755556 0.178646 0.775000 0.167187 0.775000
0 0.009215 0.846795 0.013261 0.810826 0.026082 0.815385 0.022035 0.851353
0 0.637819 0.403074 0.643372 0.400796 0.646146 0.422165 0.640593 0.424443
0 0.522528 0.201597 0.527638 0.194990 0.535949 0.215305 0.530839 0.221912
0 0.176302 0.739352 0.181771 0.729630 0.191146 0.746296 0.185677 0.756019
0 0.235938 0.623148 0.246875 0.623148 0.246875 0.641667 0.235938 0.641667
0 0.234375 0.958333 0.253646 0.958333 0.253646 0.991667 0.234375 0.991667
0 0.164062 0.639815 0.176563 0.639815 0.176563 0.656482 0.164062 0.656482
0 0.121875 0.999074 0.121875 0.989815 0.133333 0.989815 0.133333 0.999074
0 0.981625 0.929719 0.990402 0.917787 1.000000 0.945316 0.993467 0.957248
0 0.935943 0.748720 0.943059 0.740814 0.950257 0.761288 0.943141 0.769195
0 0.553151 0.087495 0.558050 0.086624 0.559349 0.109727 0.554450 0.110598
0 0.536746 0.836462 0.541954 0.832759 0.546911 0.854789 0.541703 0.858493
0 0.907812 0.626852 0.916667 0.626852 0.916667 0.644444 0.907812 0.644444
0 0.527521 0.790630 0.534958 0.773000 0.543042 0.783778 0.535604 0.801407
0 0.581250 0.331482 0.584896 0.325000 0.593490 0.340278 0.589844 0.346759
3 0.446263 0.303215 0.467010 0.276505 0.480968 0.310772 0.460220 0.337481
3 0.470092 0.661004 0.477504 0.658369 0.479587 0.676887 0.472176 0.679523
3 0.218229 0.650000 0.226042 0.650000 0.226042 0.659259 0.218229 0.659259
3 0.229391 0.000865 0.236709 0.000000 0.243841 0.031002 0.236523 0.035733
3 0.252604 0.777778 0.252604 0.765741 0.259896 0.765741 0.259896 0.777778
3 0.009115 0.846759 0.013161 0.810791 0.026082 0.815385 0.022035 0.851353
3 0.414776 0.267876 0.420468 0.265978 0.422738 0.287502 0.417046 0.289399
3 0.938496 0.772347 0.945329 0.765261 0.951544 0.784202 0.944711 0.791288
3 0.234093 0.657535 0.235598 0.648615 0.243674 0.652922 0.242168 0.661842
3 0.116667 0.855556 0.131771 0.855556 0.131771 0.873148 0.116667 0.873148
3 0.189583 0.616667 0.195052 0.606944 0.208854 0.631481 0.203385 0.641204
3 0.161696 0.602320 0.166982 0.590104 0.179718 0.607521 0.174433 0.619737
3 0.972396 0.856481 0.984896 0.856481 0.984896 0.902778 0.972396 0.902778
3 0.167187 0.775000 0.167187 0.755556 0.178646 0.755556 0.178646 0.775000
3 0.161719 0.482870 0.166927 0.473611 0.175521 0.488889 0.170312 0.498148
3 0.637705 0.403121 0.643373 0.400796 0.646146 0.422165 0.640479 0.424490
3 0.522435 0.201717 0.527638 0.194990 0.535949 0.215305 0.530746 0.222032
3 0.176302 0.739352 0.181771 0.729630 0.191146 0.746296 0.185677 0.756019
3 0.235938 0.623148 0.246875 0.623148 0.246875 0.641667 0.235938 0.641667
3 0.164062 0.639815 0.176563 0.639815 0.176563 0.656482 0.164062 0.656482
3 0.121875 0.999074 0.121875 0.989815 0.133333 0.989815 0.133333 0.999074
3 0.935896 0.748772 0.943059 0.740814 0.950257 0.761288 0.943094 0.769247
3 0.981381 0.929667 0.990566 0.917874 1.000000 0.945291 0.992519 0.957084
3 0.553151 0.087495 0.558050 0.086624 0.559349 0.109727 0.554450 0.110598
3 0.536746 0.836462 0.541954 0.832759 0.546911 0.854789 0.541703 0.858493
3 0.527521 0.790630 0.534958 0.773000 0.543042 0.783778 0.535604 0.801407
3 0.581250 0.331482 0.584896 0.325000 0.593490 0.340278 0.589844 0.346759
3 0.234375 0.958333 0.253646 0.958333 0.253646 0.991667 0.234375 0.991667
