0 0.133088 0.990327 0.197060 0.953365 0.201883 0.979745 0.137911 1.000000
0 0.187604 0.959630 0.195313 0.952778 0.202188 0.977222 0.194479 0.984074
0 0.673958 0.031481 0.691146 0.031481 0.691146 0.061111 0.673958 0.061111
0 0.613817 0.047082 0.630277 0.000000 0.642836 0.006813 0.626376 0.059486
0 0.300858 0.323529 0.307843 0.273856 0.320343 0.279412 0.313358 0.329085
0 0.581598 0.721824 0.678459 0.633812 0.683351 0.650827 0.586490 0.738839
0 0.391984 0.892092 0.394249 0.883232 0.407120 0.893633 0.404855 0.902492
0 0.281771 0.871296 0.281771 0.858333 0.292188 0.858333 0.292188 0.871296
0 0.330833 0.964259 0.339792 0.956296 0.342917 0.967407 0.333958 0.975371
0 0.173915 0.517199 0.187900 0.494823 0.197715 0.514211 0.183730 0.536587
0 0.281250 0.155556 0.301562 0.155556 0.301562 0.183333 0.281250 0.183333
0 0.192708 0.508333 0.192708 0.481481 0.241667 0.481481 0.241667 0.508333
0 0.250657 0.455070 0.252543 0.422658 0.288224 0.429220 0.286338 0.461632
0 0.690870 0.777669 0.697120 0.774891 0.701011 0.802560 0.694761 0.805338
0 0.320833 0.331481 0.335417 0.331481 0.335417 0.369444 0.320833 0.369444
0 0.172898 0.416035 0.212673 0.412313 0.213494 0.440063 0.173719 0.443785
0 0.930573 0.651944 0.939792 0.646482 0.945990 0.679537 0.936771 0.685000
0 0.834896 0.563889 0.839063 0.556481 0.847656 0.571759 0.843490 0.579167
0 0.410783 0.920571 0.417793 0.918494 0.420538 0.947773 0.413528 0.949850
0 0.142126 0.798584 0.156127 0.699020 0.199020 0.718083 0.185018 0.817647
0 0.176823 0.590278 0.191198 0.581759 0.195937 0.607037 0.181562 0.615556
0 0.288802 0.328241 0.294371 0.278739 0.306390 0.283013 0.300821 0.332514
0 0.250710 0.455079 0.252596 0.422668 0.288278 0.429230 0.286392 0.461642
0 0.208046 0.589254 0.230670 0.550421 0.252038 0.589765 0.229414 0.628598
0 0.216667 0.528704 0.229687 0.528704 0.229687 0.552778 0.216667 0.552778
0 0.526552 0.740870 0.527979 0.723111 0.535344 0.724981 0.533917 0.742741
0 0.246354 0.399074 0.285937 0.399074 0.285937 0.425926 0.246354 0.425926
0 0.329673 0.085426 0.334257 0.067497 0.364316 0.091787 0.359732 0.109716
0 0.646354 0.000000 0.658854 0.000000 0.658854 0.012963 0.646354 0.012963
0 0.632007 0.890199 0.637534 0.884740 0.649794 0.923969 0.644266 0.929429
0 0.408854 0.041667 0.408854 0.008333 0.418229 0.008333 0.418229 0.041667
0 0.295732 0.261811 0.305869 0.222764 0.316603 0.231572 0.306466 0.270619
0 0.251563 0.625000 0.267188 0.625000 0.267188 0.699074 0.251563 0.699074
0 0.211979 0.112963 0.211979 0.083333 0.225000 0.083333 0.225000 0.112963
0 0.313542 0.206481 0.325521 0.206481 0.325521 0.256481 0.313542 0.256481
0 0.127604 0.987037 0.143229 0.987037 0.143229 0.999074 0.127604 0.999074
0 0.629687 0.246296 0.643750 0.246296 0.643750 0.261111 0.629687 0.261111
0 0.558750 0.052222 0.561667 0.041852 0.570625 0.049815 0.567708 0.060185
0 0.223667 0.645296 0.237500 0.626852 0.256250 0.671296 0.242417 0.689741
0 0.930086 0.650980 0.940503 0.646351 0.943658 0.668791 0.933242 0.673420
3 0.187323 0.959998 0.195212 0.952446 0.202537 0.976631 0.194648 0.984183
3 0.318109 0.970513 0.319431 0.958761 0.326943 0.961432 0.325621 0.973184
3 0.392159 0.892149 0.394406 0.883359 0.406924 0.893474 0.404677 0.902264
3 0.613817 0.047082 0.630400 0.000000 0.642959 0.006420 0.626376 0.059486
3 0.300643 0.324129 0.307721 0.273802 0.320343 0.279412 0.313266 0.329739
3 0.295616 0.261777 0.305622 0.222641 0.316531 0.231456 0.306525 0.270592
3 0.250753 0.455134 0.252568 0.422864 0.288253 0.429208 0.286438 0.461478
3 0.281771 0.858333 0.292188 0.858333 0.292188 0.871296 0.281771 0.871296
3 0.332292 0.958333 0.340625 0.958333 0.340625 0.974074 0.332292 0.974074
3 0.629687 0.245370 0.643750 0.245370 0.643750 0.261111 0.629687 0.261111
3 0.173917 0.516847 0.188076 0.494821 0.197755 0.514487 0.183596 0.536513
3 0.281250 0.155556 0.301562 0.155556 0.301562 0.183333 0.281250 0.183333
3 0.879266 0.770266 0.996964 0.725429 1.000000 0.753884 0.882696 0.798722
3 0.690870 0.777669 0.696998 0.774946 0.700858 0.802397 0.694730 0.805120
3 0.172907 0.416359 0.212599 0.412439 0.213462 0.440028 0.173769 0.443949
3 0.930830 0.651520 0.939956 0.646653 0.945575 0.679952 0.936449 0.684820
3 0.410783 0.920571 0.417708 0.918519 0.420411 0.947347 0.413485 0.949399
3 0.142249 0.798638 0.156250 0.699074 0.199020 0.718083 0.185018 0.817647
3 0.288702 0.328205 0.294271 0.278704 0.306390 0.283013 0.300821 0.332514
3 0.192708 0.482407 0.241146 0.482407 0.241146 0.508333 0.192708 0.508333
3 0.208056 0.589273 0.230915 0.549990 0.252283 0.589287 0.229424 0.628570
3 0.558750 0.052222 0.561771 0.041481 0.570938 0.049630 0.567917 0.060370
3 0.216667 0.528704 0.229687 0.528704 0.229687 0.552778 0.216667 0.552778
3 0.127083 0.987963 0.141146 0.987963 0.141146 0.999074 0.127083 0.999074
3 0.527083 0.724074 0.534375 0.724074 0.534375 0.741667 0.527083 0.741667
3 0.882865 0.767315 0.926104 0.756333 0.928281 0.783426 0.885042 0.794407
3 0.245833 0.399074 0.285937 0.399074 0.285937 0.425926 0.245833 0.425926
3 0.251563 0.625000 0.267188 0.625000 0.267188 0.699074 0.251563 0.699074
3 0.136784 0.987634 0.196732 0.953979 0.201368 0.980080 0.141420 1.000000
3 0.673958 0.031481 0.691146 0.031481 0.691146 0.061111 0.673958 0.061111
3 0.132048 0.990293 0.185365 0.960360 0.189947 0.986151 0.136629 1.000000
3 0.834896 0.563889 0.839063 0.556481 0.847656 0.571759 0.843490 0.579167
3 0.244469 0.080924 0.253516 0.055458 0.292021 0.098693 0.282974 0.124158
3 0.646354 0.000000 0.658854 0.000000 0.658854 0.012963 0.646354 0.012963
3 0.631822 0.890414 0.637411 0.884774 0.649751 0.923425 0.644161 0.929065
3 0.901346 0.925507 0.907537 0.922362 0.912903 0.955748 0.906712 0.958892
3 0.408854 0.008333 0.418229 0.008333 0.418229 0.041667 0.408854 0.041667
3 0.321354 0.331481 0.335417 0.331481 0.335417 0.369444 0.321354 0.369444
3 0.211979 0.112963 0.211979 0.083333 0.225000 0.083333 0.225000 0.112963
3 0.313542 0.206481 0.325521 0.206481 0.325521 0.256481 0.313542 0.256481
3 0.176458 0.593148 0.190208 0.580926 0.196667 0.603889 0.182917 0.616111
3 0.223664 0.645153 0.237576 0.626872 0.256281 0.671860 0.242368 0.690141
3 0.931771 0.648148 0.942187 0.648148 0.942187 0.672222 0.931771 0.672222
3 0.575066 0.721399 0.679976 0.629498 0.685527 0.649527 0.580618 0.741429
3 0.329886 0.082904 0.334889 0.066228 0.363895 0.093730 0.358892 0.110406
