0 0.201365 0.304119 0.202913 0.257331 0.230514 0.260217 0.228966 0.307005
0 0.317187 0.601852 0.328646 0.601852 0.328646 0.611111 0.317187 0.611111
0 0.193682 0.156430 0.208470 0.115279 0.236806 0.147463 0.222017 0.188613
0 0.787124 0.391606 0.791018 0.385838 0.799129 0.403142 0.795236 0.408910
0 0.267448 0.355093 0.276823 0.338426 0.285417 0.353704 0.276042 0.370370
0 0.393268 0.926677 0.403928 0.924955 0.405217 0.950167 0.394557 0.951890
0 0.387500 0.350000 0.393750 0.350000 0.393750 0.365741 0.387500 0.365741
0 0.212500 0.342593 0.226042 0.342593 0.226042 0.362963 0.212500 0.362963
0 0.207652 0.269017 0.209495 0.252635 0.237240 0.262500 0.235397 0.278882
0 0.341408 0.384590 0.345452 0.377688 0.380672 0.442912 0.376628 0.449813
0 0.222917 0.039815 0.264062 0.039815 0.264062 0.063889 0.222917 0.063889
0 0.232448 0.100093 0.239635 0.061759 0.263542 0.075926 0.256354 0.114259
0 0.338802 0.039352 0.340164 0.027244 0.359095 0.033974 0.357732 0.046083
0 0.661377 0.726217 0.666010 0.720922 0.676096 0.748813 0.671463 0.754108
0 0.747457 0.930066 0.753217 0.927506 0.756005 0.947331 0.750245 0.949891
0 0.220313 0.365741 0.232292 0.365741 0.232292 0.383333 0.220313 0.383333
0 0.264882 0.165979 0.267363 0.121883 0.279945 0.124120 0.277465 0.168216
0 0.164062 0.441667 0.164062 0.418519 0.176042 0.418519 0.176042 0.441667
0 0.210938 0.000000 0.242708 0.000000 0.242708 0.025926 0.210938 0.025926
0 0.602097 0.954780 0.609361 0.952628 0.610952 0.969595 0.603688 0.971747
0 0.208159 0.273903 0.217829 0.263398 0.231270 0.302499 0.221600 0.313005
0 0.203428 0.260965 0.227976 0.258727 0.229348 0.306275 0.204800 0.308513
0 0.267737 0.032238 0.271278 0.011256 0.299326 0.026215 0.295786 0.047197
0 0.272407 0.468907 0.280643 0.452640 0.296095 0.477363 0.287860 0.493631
0 0.230208 0.091667 0.245313 0.064815 0.263021 0.096296 0.247917 0.123148
0 0.450521 0.751852 0.457784 0.749700 0.459854 0.771772 0.452590 0.773924
0 0.100729 0.909445 0.107604 0.885000 0.130521 0.905370 0.123646 0.929815
0 0.354808 0.492450 0.365264 0.480057 0.368710 0.489245 0.358253 0.501638
0 0.264062 0.000000 0.292708 0.000000 0.292708 0.020370 0.264062 0.020370
0 0.541907 0.705271 0.543850 0.687999 0.550962 0.690527 0.549019 0.707799
0 0.329688 0.000000 0.341146 0.000000 0.341146 0.021296 0.329688 0.021296
0 0.246771 0.115185 0.259583 0.107593 0.267708 0.150926 0.254896 0.158519
0 0.192604 0.668889 0.201823 0.663426 0.204896 0.679815 0.195677 0.685278
3 0.450140 0.752172 0.457352 0.749608 0.459756 0.770976 0.452544 0.773540
3 0.207772 0.274430 0.217147 0.263319 0.231570 0.301781 0.222195 0.312892
3 0.220313 0.365741 0.232292 0.365741 0.232292 0.383333 0.220313 0.383333
3 0.317187 0.601852 0.328125 0.601852 0.328125 0.611111 0.317187 0.611111
3 0.193743 0.157024 0.208184 0.115726 0.236653 0.147188 0.222213 0.188486
3 0.786979 0.392593 0.790625 0.386111 0.799479 0.401852 0.795833 0.408333
3 0.222917 0.039815 0.264062 0.039815 0.264062 0.063889 0.222917 0.063889
3 0.267188 0.355556 0.276823 0.338426 0.285417 0.353704 0.275781 0.370833
3 0.393263 0.926899 0.403356 0.924788 0.405063 0.950575 0.394969 0.952686
3 0.212500 0.362963 0.212500 0.341667 0.226042 0.341667 0.226042 0.362963
3 0.747304 0.929902 0.753309 0.927233 0.756097 0.947059 0.750092 0.949728
3 0.356250 0.485185 0.367188 0.485185 0.367188 0.497222 0.356250 0.497222
3 0.661378 0.726638 0.665945 0.721225 0.675801 0.747507 0.671234 0.752920
3 0.274479 0.399074 0.283854 0.399074 0.283854 0.408333 0.274479 0.408333
3 0.232240 0.100278 0.239531 0.061389 0.263594 0.075648 0.256302 0.114537
3 0.338695 0.038725 0.340380 0.026743 0.359130 0.035076 0.357445 0.047059
3 0.820208 0.521852 0.851708 0.513852 0.853448 0.535500 0.821948 0.543500
3 0.264634 0.165854 0.267391 0.121748 0.280481 0.124334 0.277725 0.168439
3 0.164062 0.418519 0.176042 0.418519 0.176042 0.441667 0.164062 0.441667
3 0.205929 0.269516 0.215665 0.257977 0.231851 0.301140 0.222115 0.312678
3 0.387500 0.350000 0.393750 0.350000 0.393750 0.365741 0.387500 0.365741
3 0.338725 0.038508 0.340380 0.026743 0.359130 0.035076 0.357475 0.046841
3 0.566667 0.451852 0.571875 0.447222 0.578229 0.469815 0.573021 0.474444
3 0.715365 0.946759 0.720673 0.944872 0.721995 0.956624 0.716687 0.958511
3 0.218750 0.260185 0.235938 0.260185 0.235938 0.275926 0.218750 0.275926
3 0.267594 0.032161 0.271048 0.011689 0.299240 0.026724 0.295786 0.047197
3 0.272407 0.468907 0.280669 0.452589 0.296121 0.477312 0.287860 0.493631
3 0.100729 0.909445 0.107708 0.884630 0.130625 0.905000 0.123646 0.929815
3 0.373438 0.388889 0.377865 0.381019 0.383854 0.391667 0.379427 0.399537
3 0.264062 0.000000 0.292188 0.000000 0.292188 0.019444 0.264062 0.019444
3 0.541907 0.705271 0.543870 0.687820 0.551382 0.690491 0.549419 0.707942
3 0.602604 0.970370 0.602604 0.953704 0.609896 0.953704 0.609896 0.970370
3 0.342296 0.383916 0.345977 0.377966 0.380173 0.444838 0.376492 0.450788
3 0.210417 0.000000 0.242708 0.000000 0.242708 0.025926 0.210417 0.025926
3 0.329688 0.000000 0.340625 0.000000 0.340625 0.022222 0.329688 0.022222
3 0.246157 0.116252 0.258728 0.107312 0.268391 0.150255 0.255819 0.159195
3 0.194271 0.666667 0.204167 0.666667 0.204167 0.683333 0.194271 0.683333
3 0.655417 0.856667 0.660729 0.853518 0.663073 0.866019 0.657760 0.869167
