0 0.540104 0.899074 0.545833 0.899074 0.545833 0.911111 0.540104 0.911111
0 0.534375 0.458333 0.540104 0.458333 0.540104 0.469444 0.534375 0.469444
0 0.467917 0.941482 0.469531 0.932870 0.493438 0.947037 0.491823 0.955648
0 0.572947 0.565523 0.578002 0.560131 0.581403 0.570207 0.576348 0.575599
0 0.190775 0.484970 0.201334 0.477930 0.225350 0.591781 0.214790 0.598820
0 0.705190 0.740198 0.710938 0.736111 0.715858 0.757982 0.710111 0.762069
0 0.564963 0.559739 0.570453 0.551373 0.578101 0.567233 0.572610 0.575599
0 0.012604 0.641111 0.029063 0.626482 0.034792 0.646852 0.018333 0.661482
0 0.233655 0.258891 0.244931 0.243470 0.265184 0.290276 0.253907 0.305697
0 0.640403 0.699762 0.643466 0.693106 0.653280 0.707380 0.650217 0.714036
0 0.449479 0.785185 0.457812 0.785185 0.457812 0.815741 0.449479 0.815741
0 0.367869 0.304202 0.375982 0.301318 0.377905 0.318412 0.369792 0.321296
0 0.488889 0.812260 0.512427 0.750798 0.534309 0.777284 0.510771 0.838746
0 0.583513 0.898418 0.588713 0.896787 0.590994 0.919765 0.585794 0.921396
0 0.567708 0.555556 0.579687 0.555556 0.579687 0.572222 0.567708 0.572222
0 0.496354 0.274074 0.502083 0.274074 0.502083 0.285185 0.496354 0.285185
0 0.610417 0.881481 0.616146 0.881481 0.616146 0.892593 0.610417 0.892593
3 0.540104 0.899074 0.545833 0.899074 0.545833 0.911111 0.540104 0.911111
3 0.564771 0.562518 0.569333 0.551704 0.580833 0.567037 0.576271 0.577852
3 0.534375 0.458333 0.540104 0.458333 0.540104 0.469444 0.534375 0.469444
3 0.496354 0.275000 0.502083 0.275000 0.502083 0.285185 0.496354 0.285185
3 0.467954 0.941152 0.469591 0.932690 0.493433 0.947260 0.491797 0.955722
3 0.012500 0.640741 0.028958 0.626111 0.034792 0.646852 0.018333 0.661481
3 0.705190 0.740198 0.710938 0.736111 0.715858 0.757982 0.710111 0.762069
3 0.046661 0.920044 0.050674 0.891503 0.067463 0.898965 0.063450 0.927505
3 0.567708 0.555556 0.576042 0.555556 0.576042 0.571296 0.567708 0.571296
3 0.233732 0.259070 0.245009 0.243649 0.265184 0.290276 0.253907 0.305697
3 0.449479 0.784259 0.457812 0.784259 0.457812 0.815741 0.449479 0.815741
3 0.640148 0.699390 0.643049 0.693088 0.653174 0.707815 0.650273 0.714118
3 0.191252 0.483861 0.202140 0.476948 0.225306 0.592266 0.214418 0.599179
3 0.045313 0.960185 0.061458 0.931482 0.071094 0.948611 0.054948 0.977315
3 0.118333 0.939259 0.137083 0.922593 0.143229 0.944445 0.124479 0.961111
3 0.368060 0.303754 0.376084 0.301376 0.377717 0.318794 0.369693 0.321171
3 0.488959 0.811968 0.512559 0.750941 0.534332 0.777552 0.510732 0.838579
3 0.583615 0.898373 0.588767 0.896847 0.590921 0.919820 0.585769 0.921346
3 0.610417 0.881481 0.616146 0.881481 0.616146 0.892593 0.610417 0.892593
