0 0.322216 0.139138 0.333734 0.135043 0.337861 0.171724 0.326342 0.175819
0 0.316849 0.043070 0.325855 0.039957 0.331327 0.089994 0.322322 0.093107
0 0.707156 0.955347 0.712888 0.951101 0.722011 0.990023 0.716278 0.994269
0 0.200521 0.238889 0.217708 0.238889 0.217708 0.261111 0.200521 0.261111
0 0.285937 0.000000 0.303646 0.000000 0.303646 0.025000 0.285937 0.025000
0 0.257812 0.341667 0.271354 0.341667 0.271354 0.399074 0.257812 0.399074
0 0.307292 0.054630 0.318750 0.054630 0.318750 0.093519 0.307292 0.093519
0 0.380765 0.574840 0.382453 0.567337 0.391074 0.573467 0.389386 0.580971
0 0.191590 0.204923 0.193401 0.175960 0.226442 0.182486 0.224632 0.211450
0 0.608943 0.167096 0.610321 0.145043 0.624784 0.147900 0.623406 0.169953
0 0.197917 0.703704 0.211979 0.703704 0.211979 0.726852 0.197917 0.726852
0 0.253500 0.197332 0.254752 0.174514 0.290905 0.180785 0.289652 0.203603
0 0.257324 0.666567 0.265657 0.640641 0.279175 0.654373 0.270841 0.680299
0 0.217708 0.230556 0.252604 0.230556 0.252604 0.254630 0.217708 0.254630
0 0.232858 0.348089 0.244193 0.333312 0.260353 0.372490 0.249019 0.387267
0 0.500000 0.486111 0.506250 0.486111 0.506250 0.499074 0.500000 0.499074
0 0.260233 0.827150 0.265813 0.811032 0.287665 0.834939 0.282086 0.851057
0 0.312396 0.045741 0.323021 0.039444 0.332344 0.089167 0.321719 0.095463
0 0.265104 0.724074 0.275521 0.724074 0.275521 0.735185 0.265104 0.735185
0 0.220041 0.275727 0.239266 0.263575 0.251461 0.324550 0.232236 0.336702
0 0.170967 0.425692 0.185727 0.364026 0.220162 0.390075 0.205401 0.451742
0 0.807384 0.469717 0.811298 0.463390 0.820301 0.480995 0.816386 0.487322
0 0.191146 0.682407 0.206250 0.682407 0.206250 0.701852 0.191146 0.701852
0 0.396875 0.597222 0.403125 0.597222 0.403125 0.620370 0.396875 0.620370
0 0.358333 0.745370 0.364583 0.745370 0.364583 0.755556 0.358333 0.755556
0 0.298752 0.103269 0.308601 0.102666 0.309462 0.147057 0.299613 0.147661
0 0.903125 0.564815 0.912500 0.564815 0.912500 0.591667 0.903125 0.591667
0 0.606250 0.733333 0.613021 0.733333 0.613021 0.745370 0.606250 0.745370
0 0.189802 0.589047 0.200613 0.573946 0.215469 0.607559 0.204658 0.622660
0 0.261185 0.218005 0.266446 0.192282 0.293210 0.209584 0.287949 0.235307
0 0.307772 0.100570 0.317388 0.097151 0.322476 0.142379 0.312861 0.145798
0 0.307317 0.099164 0.317680 0.096623 0.321251 0.142650 0.310888 0.145191
0 0.593614 0.650025 0.599540 0.645237 0.607887 0.677885 0.601962 0.682674
0 0.541326 0.724751 0.546935 0.722756 0.549259 0.743412 0.543650 0.745406
3 0.357812 0.745370 0.364583 0.745370 0.364583 0.755556 0.357812 0.755556
3 0.322316 0.139103 0.333734 0.135043 0.337861 0.171724 0.326442 0.175783
3 0.396171 0.598048 0.402168 0.596271 0.404251 0.618493 0.398254 0.620270
3 0.707526 0.955999 0.712888 0.952027 0.721826 0.990160 0.716463 0.994132
3 0.257812 0.341667 0.270833 0.341667 0.270833 0.399074 0.257812 0.399074
3 0.217187 0.230556 0.252604 0.230556 0.252604 0.254630 0.217187 0.254630
3 0.265104 0.724074 0.275521 0.724074 0.275521 0.735185 0.265104 0.735185
3 0.189063 0.591667 0.198698 0.574537 0.215885 0.605093 0.206250 0.622222
3 0.285417 0.000000 0.303646 0.000000 0.303646 0.025000 0.285417 0.025000
3 0.307813 0.055556 0.318750 0.055556 0.318750 0.093519 0.307813 0.093519
3 0.380833 0.575370 0.382344 0.567315 0.391094 0.572500 0.389583 0.580556
3 0.253349 0.197306 0.254591 0.174667 0.290895 0.180964 0.289652 0.203603
3 0.191418 0.204459 0.193470 0.175285 0.226611 0.182650 0.224559 0.211823
3 0.500000 0.486111 0.506250 0.486111 0.506250 0.499074 0.500000 0.499074
3 0.197917 0.703704 0.211979 0.703704 0.211979 0.726852 0.197917 0.726852
3 0.257638 0.666713 0.265448 0.640928 0.278990 0.653891 0.271180 0.679676
3 0.000000 0.421296 0.011458 0.421296 0.011458 0.441667 0.000000 0.441667
3 0.232858 0.348089 0.244193 0.333312 0.260353 0.372490 0.249019 0.387267
3 0.200521 0.238889 0.217708 0.238889 0.217708 0.261111 0.200521 0.261111
3 0.260088 0.826991 0.265667 0.810873 0.287665 0.834939 0.282086 0.851057
3 0.857813 0.642593 0.880729 0.642593 0.880729 0.662963 0.857813 0.662963
3 0.317891 0.046396 0.326675 0.043794 0.331109 0.091091 0.322326 0.093694
3 0.220155 0.275695 0.239225 0.263587 0.251468 0.324531 0.232398 0.336639
3 0.170995 0.425575 0.185700 0.364142 0.219946 0.390050 0.205241 0.451483
3 0.807514 0.469323 0.811367 0.463528 0.820020 0.481708 0.816167 0.487503
3 0.191146 0.683333 0.205729 0.683333 0.205729 0.701852 0.191146 0.701852
3 0.298787 0.104129 0.308617 0.103527 0.309462 0.147089 0.299632 0.147692
3 0.903125 0.564815 0.912500 0.564815 0.912500 0.591667 0.903125 0.591667
3 0.261169 0.216606 0.267040 0.191557 0.293260 0.210980 0.287389 0.236029
3 0.350025 0.675689 0.354178 0.669092 0.386888 0.734167 0.382736 0.740764
3 0.608213 0.165883 0.610657 0.144160 0.625180 0.149323 0.622736 0.171047
3 0.606250 0.733333 0.613021 0.733333 0.613021 0.745370 0.606250 0.745370
3 0.306350 0.099964 0.316667 0.096296 0.321815 0.142058 0.311498 0.145727
3 0.594030 0.649663 0.599800 0.645203 0.607824 0.678010 0.602054 0.682471
3 0.311316 0.046854 0.322332 0.039510 0.332584 0.088115 0.321568 0.095459
3 0.541188 0.724481 0.547054 0.722585 0.549196 0.743526 0.543329 0.745422
