0 0.282552 0.968056 0.305990 0.926389 0.320833 0.952778 0.297396 0.994444
0 0.435635 0.861055 0.446135 0.858389 0.447083 0.870185 0.436583 0.872852
0 0.502604 0.262963 0.510938 0.262963 0.510938 0.277778 0.502604 0.277778
0 0.356392 0.808036 0.362303 0.799741 0.372888 0.823578 0.366978 0.831873
0 0.207813 0.386111 0.233854 0.386111 0.233854 0.415741 0.207813 0.415741
0 0.357829 0.316037 0.363292 0.290784 0.395750 0.312977 0.390287 0.338230
0 0.948958 0.821296 0.960938 0.821296 0.960938 0.840741 0.948958 0.840741
0 0.323438 0.590741 0.337500 0.590741 0.337500 0.612963 0.323438 0.612963
0 0.270018 0.191057 0.276967 0.180468 0.289062 0.205556 0.282114 0.216144
0 0.616667 0.096296 0.622917 0.096296 0.622917 0.112963 0.616667 0.112963
0 0.252083 0.800926 0.260417 0.800926 0.260417 0.819444 0.252083 0.819444
0 0.272396 0.309259 0.281250 0.309259 0.281250 0.334259 0.272396 0.334259
0 0.170885 0.175648 0.179010 0.132315 0.209010 0.150093 0.200885 0.193426
0 0.338021 0.740741 0.347396 0.740741 0.347396 0.768519 0.338021 0.768519
0 0.923168 0.703512 0.930271 0.698100 0.935983 0.721791 0.928879 0.727203
0 0.915272 0.662382 0.926453 0.661617 0.927143 0.693479 0.915961 0.694243
0 0.478125 0.782407 0.488542 0.782407 0.488542 0.814815 0.478125 0.814815
0 0.272917 0.767593 0.284375 0.767593 0.284375 0.792593 0.272917 0.792593
0 0.358854 0.304630 0.368229 0.304630 0.368229 0.320370 0.358854 0.320370
0 0.369896 0.409630 0.375000 0.382407 0.388906 0.390648 0.383802 0.417870
0 0.893021 0.577037 0.900521 0.570370 0.904271 0.583704 0.896771 0.590370
0 0.937614 0.781307 0.948400 0.769588 0.961725 0.808352 0.950939 0.820071
0 0.358854 0.304630 0.368229 0.304630 0.368229 0.320370 0.358854 0.320370
0 0.890104 0.537963 0.898958 0.537963 0.898958 0.561111 0.890104 0.561111
0 0.972709 0.939074 0.984375 0.928704 0.989583 0.947222 0.977917 0.957593
0 0.930101 0.740233 0.934703 0.722235 0.948477 0.733365 0.943875 0.751363
0 0.978373 0.961085 0.989767 0.942853 1.000000 0.967153 0.990674 0.985385
0 0.517187 0.095370 0.524479 0.095370 0.524479 0.112963 0.517187 0.112963
0 0.376542 0.520616 0.379935 0.513915 0.401344 0.548169 0.397951 0.554870
0 0.468229 0.872222 0.477604 0.872222 0.477604 0.885185 0.468229 0.885185
0 0.913333 0.640000 0.919583 0.634444 0.925938 0.657037 0.919688 0.662593
0 0.364741 0.312696 0.371837 0.294674 0.394907 0.323384 0.387811 0.341406
0 0.236228 0.855924 0.250386 0.833272 0.260253 0.852763 0.246095 0.875414
0 0.509115 0.306019 0.513646 0.303333 0.516667 0.319444 0.512135 0.322130
0 0.325417 0.116296 0.348909 0.107015 0.352316 0.134270 0.328824 0.143551
0 0.456198 0.149722 0.461979 0.146296 0.464844 0.161574 0.459063 0.165000
3 0.282316 0.965529 0.306069 0.926430 0.320051 0.953276 0.296299 0.992375
3 0.435635 0.861055 0.446135 0.858389 0.447083 0.870185 0.436583 0.872852
3 0.272917 0.767593 0.284375 0.767593 0.284375 0.792593 0.272917 0.792593
3 0.502604 0.262963 0.510938 0.262963 0.510938 0.277778 0.502604 0.277778
3 0.356377 0.808153 0.362221 0.799842 0.372891 0.823555 0.367048 0.831865
3 0.207813 0.386111 0.233854 0.386111 0.233854 0.415741 0.207813 0.415741
3 0.357871 0.316143 0.363140 0.291001 0.395693 0.312561 0.390424 0.337703
3 0.912969 0.640463 0.919478 0.634337 0.926256 0.657097 0.919747 0.663223
3 0.948958 0.821296 0.960938 0.821296 0.960938 0.840741 0.948958 0.840741
3 0.323438 0.590741 0.337500 0.590741 0.337500 0.612963 0.323438 0.612963
3 0.270018 0.191057 0.276967 0.180468 0.289062 0.205556 0.282114 0.216144
3 0.616667 0.097222 0.622917 0.097222 0.622917 0.112963 0.616667 0.112963
3 0.033333 0.562963 0.033333 0.541667 0.046875 0.541667 0.046875 0.562963
3 0.252083 0.800926 0.260417 0.800926 0.260417 0.819444 0.252083 0.819444
3 0.272396 0.309259 0.281250 0.309259 0.281250 0.334259 0.272396 0.334259
3 0.171042 0.175741 0.179115 0.132685 0.208958 0.150370 0.200885 0.193426
3 0.338021 0.740741 0.347396 0.740741 0.347396 0.768519 0.338021 0.768519
3 0.915104 0.662037 0.927083 0.662037 0.927083 0.694444 0.915104 0.694444
3 0.478125 0.782407 0.488542 0.782407 0.488542 0.814815 0.478125 0.814815
3 0.358854 0.304630 0.368229 0.304630 0.368229 0.320370 0.358854 0.320370
3 0.369896 0.409630 0.375000 0.382407 0.388906 0.390648 0.383802 0.417870
3 0.517187 0.095370 0.524479 0.095370 0.524479 0.112963 0.517187 0.112963
3 0.913125 0.640185 0.919792 0.634259 0.926250 0.657222 0.919583 0.663148
3 0.892813 0.577222 0.900521 0.570370 0.904271 0.583704 0.896563 0.590556
3 0.937295 0.782098 0.948266 0.769478 0.962309 0.808062 0.951339 0.820682
3 0.890104 0.537963 0.898958 0.537963 0.898958 0.561111 0.890104 0.561111
3 0.972709 0.939074 0.984375 0.928704 0.989583 0.947222 0.977917 0.957593
3 0.284375 0.082407 0.290625 0.082407 0.290625 0.092593 0.284375 0.092593
3 0.929583 0.740185 0.934792 0.721667 0.948542 0.733889 0.943333 0.752407
3 0.376551 0.520591 0.379944 0.513913 0.401318 0.548233 0.397925 0.554911
3 0.468229 0.872222 0.477604 0.872222 0.477604 0.885185 0.468229 0.885185
3 0.236228 0.855924 0.250386 0.833272 0.260253 0.852763 0.246095 0.875414
3 0.508910 0.305613 0.513934 0.303177 0.516494 0.319865 0.511470 0.322301
3 0.456198 0.149722 0.461979 0.146296 0.464844 0.161574 0.459063 0.165000
