0 0.202322 0.938623 0.216411 0.910794 0.226453 0.926862 0.212365 0.954691
0 0.301562 0.856481 0.309375 0.856481 0.309375 0.871296 0.301562 0.871296
0 0.176317 0.832636 0.230436 0.821182 0.232594 0.853397 0.178475 0.864851
0 0.255697 0.765149 0.295806 0.733457 0.303818 0.765502 0.263708 0.797194
0 0.384375 0.635185 0.391146 0.635185 0.391146 0.645370 0.384375 0.645370
0 0.353125 0.575000 0.376563 0.575000 0.376563 0.588889 0.353125 0.588889
0 0.244041 0.713137 0.292044 0.710194 0.292585 0.738098 0.244582 0.741041
0 0.448279 0.451741 0.469027 0.429041 0.473086 0.440769 0.452338 0.463468
0 0.283125 0.392407 0.310156 0.376389 0.314792 0.401111 0.287760 0.417130
0 0.309583 0.590000 0.326458 0.530000 0.338958 0.541111 0.322083 0.601111
0 0.346153 0.261377 0.347884 0.251861 0.376562 0.268355 0.374830 0.277871
0 0.155315 0.930881 0.169500 0.892214 0.182004 0.906711 0.167819 0.945378
0 0.262188 0.740556 0.275312 0.728889 0.279687 0.744445 0.266563 0.756111
0 0.868242 0.673382 0.872128 0.667730 0.882849 0.691025 0.878963 0.696677
0 0.378906 0.251389 0.382813 0.244444 0.388542 0.254630 0.384635 0.261574
0 0.974479 0.770370 0.981771 0.770370 0.981771 0.784259 0.974479 0.784259
0 0.289323 0.269907 0.298738 0.266560 0.301763 0.293447 0.292348 0.296795
0 0.327788 0.489082 0.333044 0.428340 0.345294 0.431690 0.340038 0.492432
0 0.200417 0.720000 0.202292 0.710000 0.208542 0.713704 0.206667 0.723704
0 0.301372 0.503433 0.325661 0.449458 0.335061 0.462827 0.310772 0.516802
0 0.296354 0.509259 0.309375 0.509259 0.309375 0.538889 0.296354 0.538889
0 0.186458 0.738889 0.207813 0.738889 0.207813 0.775926 0.186458 0.775926
0 0.700521 0.119444 0.718229 0.119444 0.718229 0.149074 0.700521 0.149074
0 0.334712 0.605386 0.349174 0.602529 0.351937 0.646737 0.337475 0.649593
0 0.420052 0.071759 0.426042 0.061111 0.436458 0.079630 0.430469 0.090278
0 0.580469 0.145833 0.584635 0.138426 0.592448 0.152315 0.588281 0.159722
0 0.293750 0.603704 0.307576 0.539796 0.320141 0.548387 0.306314 0.612295
0 0.211979 0.999074 0.211979 0.950000 0.242188 0.950000 0.242188 0.999074
0 0.662170 0.382136 0.663116 0.366994 0.674035 0.369151 0.673088 0.384293
3 0.202322 0.938623 0.216411 0.910794 0.226453 0.926862 0.212365 0.954691
3 0.176266 0.832821 0.230369 0.820798 0.232644 0.853162 0.178542 0.865185
3 0.255745 0.765111 0.295806 0.733457 0.303818 0.765502 0.263756 0.797155
3 0.384375 0.635185 0.391146 0.635185 0.391146 0.645370 0.384375 0.645370
3 0.353125 0.575000 0.377083 0.575000 0.377083 0.588889 0.353125 0.588889
3 0.309926 0.590623 0.325704 0.529851 0.338420 0.540285 0.322642 0.601057
3 0.942708 0.950926 0.996875 0.950926 0.996875 0.981481 0.942708 0.981481
3 0.243880 0.715261 0.291849 0.709170 0.292952 0.736609 0.244982 0.742701
3 0.294947 0.511837 0.307531 0.508108 0.310205 0.536637 0.297621 0.540365
3 0.447886 0.452070 0.469026 0.429521 0.472886 0.440959 0.451746 0.463508
3 0.346152 0.261520 0.347793 0.252188 0.376559 0.268169 0.374918 0.277501
3 0.155388 0.930683 0.169438 0.892384 0.181941 0.906881 0.167891 0.945180
3 0.974479 0.770370 0.981771 0.770370 0.981771 0.784259 0.974479 0.784259
3 0.868451 0.673836 0.872337 0.668184 0.882849 0.691025 0.878963 0.696677
3 0.287850 0.285549 0.296687 0.266697 0.304730 0.278613 0.295893 0.297465
3 0.327351 0.488814 0.333024 0.428303 0.345439 0.431982 0.339766 0.492492
3 0.200674 0.720207 0.202083 0.710185 0.208701 0.713126 0.207292 0.723148
3 0.283073 0.392130 0.310104 0.376111 0.314792 0.401111 0.287760 0.417130
3 0.378906 0.251389 0.382813 0.244444 0.388542 0.254630 0.384635 0.261574
3 0.301435 0.503523 0.325724 0.449548 0.335061 0.462827 0.310772 0.516802
3 0.262188 0.740556 0.275312 0.728889 0.279687 0.744445 0.266563 0.756111
3 0.186458 0.738889 0.207813 0.738889 0.207813 0.775926 0.186458 0.775926
3 0.253425 0.640246 0.259418 0.611834 0.310673 0.646005 0.304680 0.674417
3 0.700521 0.119444 0.717708 0.119444 0.717708 0.149074 0.700521 0.149074
3 0.334639 0.605613 0.349063 0.602407 0.352163 0.646510 0.337740 0.649715
3 0.301562 0.856481 0.309375 0.856481 0.309375 0.871296 0.301562 0.871296
3 0.359000 0.081310 0.361322 0.069754 0.387552 0.086409 0.385230 0.097964
3 0.420052 0.071759 0.426042 0.061111 0.436458 0.079630 0.430469 0.090278
3 0.580469 0.145833 0.584635 0.138426 0.592448 0.152315 0.588281 0.159722
3 0.294271 0.604630 0.306458 0.539630 0.319115 0.547130 0.306927 0.612130
3 0.212500 0.950000 0.241667 0.950000 0.241667 0.999074 0.212500 0.999074
3 0.662373 0.382588 0.663345 0.367039 0.674092 0.369162 0.673120 0.384711
3 0.516708 0.876118 0.520338 0.870838 0.530595 0.893124 0.526965 0.898405
