0 0.250521 0.153704 0.259375 0.153704 0.259375 0.167593 0.250521 0.167593
0 0.584896 0.225926 0.589914 0.218790 0.597332 0.235276 0.592315 0.242412
0 0.301740 0.892790 0.324764 0.817391 0.337982 0.830147 0.314958 0.905547
0 0.272031 0.035278 0.275417 0.017222 0.298698 0.031019 0.295312 0.049074
0 0.382125 0.420593 0.387042 0.414037 0.392167 0.426185 0.387250 0.432741
0 0.788217 0.102335 0.802959 0.088040 0.809508 0.109383 0.794765 0.123679
0 0.428085 0.259129 0.438631 0.248903 0.449678 0.284908 0.439132 0.295134
0 0.393229 0.942593 0.401042 0.942593 0.401042 0.954630 0.393229 0.954630
0 0.671458 0.475370 0.683750 0.464445 0.688646 0.481852 0.676354 0.492778
0 0.318750 0.075000 0.331250 0.075000 0.331250 0.086111 0.318750 0.086111
0 0.303125 0.000000 0.336458 0.000000 0.336458 0.020370 0.303125 0.020370
0 0.324607 0.750594 0.335987 0.679787 0.348781 0.686286 0.337402 0.757093
0 0.349896 0.080185 0.357604 0.073333 0.364479 0.097778 0.356771 0.104630
0 0.615281 0.147758 0.640320 0.099885 0.682597 0.169770 0.657558 0.217643
0 0.340417 0.099259 0.344792 0.095370 0.349479 0.112037 0.345104 0.115926
0 0.855037 0.196858 0.864003 0.183576 0.873523 0.203886 0.864558 0.217168
0 0.286835 0.768334 0.317315 0.709367 0.327656 0.726261 0.297177 0.785228
0 0.392969 0.132870 0.401302 0.118056 0.411198 0.135648 0.402865 0.150463
0 0.623438 0.336111 0.629063 0.331111 0.632188 0.342222 0.626563 0.347222
0 0.367813 0.124444 0.372604 0.120185 0.376250 0.133148 0.371458 0.137407
0 0.356085 0.883840 0.383222 0.874864 0.385241 0.894158 0.358104 0.903133
0 0.272414 0.621280 0.295233 0.600114 0.302179 0.623784 0.279360 0.644949
0 0.709260 0.211611 0.711771 0.180370 0.729490 0.184870 0.726979 0.216111
0 0.681465 0.356155 0.688327 0.353105 0.690748 0.370316 0.683885 0.373366
0 0.302083 0.000000 0.318750 0.000000 0.318750 0.021296 0.302083 0.021296
0 0.436979 0.871296 0.442708 0.871296 0.442708 0.882407 0.436979 0.882407
0 0.302604 0.000000 0.319792 0.000000 0.319792 0.021296 0.302604 0.021296
0 0.336967 0.977437 0.342550 0.922844 0.356896 0.927482 0.351313 0.982074
0 0.436979 0.871296 0.442708 0.871296 0.442708 0.882407 0.436979 0.882407
0 0.417956 0.174287 0.424274 0.160808 0.437952 0.181072 0.431634 0.194551
0 0.267159 0.885811 0.303361 0.839004 0.314037 0.865100 0.277835 0.911907
0 0.451198 0.186019 0.458854 0.181481 0.461510 0.195648 0.453854 0.200185
0 0.985937 0.844444 0.995313 0.844444 0.995313 0.855556 0.985937 0.855556
0 0.310423 0.102537 0.314621 0.095695 0.322836 0.111628 0.318638 0.118470
0 0.315104 0.000000 0.336979 0.000000 0.336979 0.012037 0.315104 0.012037
3 0.250521 0.153704 0.259375 0.153704 0.259375 0.167593 0.250521 0.167593
3 0.585096 0.225071 0.590385 0.218803 0.596955 0.236325 0.591667 0.242593
3 0.301769 0.892841 0.324716 0.817370 0.337941 0.830078 0.314993 0.905549
3 0.382500 0.419259 0.388125 0.414259 0.391875 0.427593 0.386250 0.432593
3 0.787292 0.110926 0.794583 0.085000 0.807708 0.096667 0.800417 0.122593
3 0.302083 0.000000 0.319271 0.000000 0.319271 0.021296 0.302083 0.021296
3 0.428438 0.258519 0.439271 0.248889 0.449583 0.285556 0.438750 0.295185
3 0.671349 0.474284 0.684155 0.464166 0.688730 0.482465 0.675924 0.492583
3 0.317909 0.085524 0.318459 0.073799 0.331606 0.075747 0.331056 0.087471
3 0.303646 0.000000 0.335938 0.000000 0.335938 0.020370 0.303646 0.020370
3 0.324627 0.750472 0.335987 0.679787 0.348781 0.686286 0.337421 0.756971
3 0.349896 0.080185 0.357604 0.073333 0.364479 0.097778 0.356771 0.104630
3 0.615427 0.148444 0.640290 0.099931 0.682681 0.168594 0.657818 0.217108
3 0.393229 0.942593 0.401042 0.942593 0.401042 0.954630 0.393229 0.954630
3 0.340313 0.098889 0.344688 0.095000 0.349583 0.112407 0.345208 0.116296
3 0.272101 0.036094 0.275030 0.017872 0.298624 0.029857 0.295696 0.048078
3 0.286835 0.768334 0.317315 0.709367 0.327656 0.726261 0.297177 0.785228
3 0.393966 0.143219 0.395401 0.122821 0.410272 0.126125 0.408838 0.146524
3 0.623542 0.336482 0.629167 0.331481 0.632188 0.342222 0.626563 0.347222
3 0.355119 0.886175 0.381250 0.867593 0.385273 0.885472 0.359142 0.904055
3 0.272604 0.621111 0.295521 0.600741 0.302083 0.624074 0.279167 0.644444
3 0.710417 0.183333 0.728125 0.183333 0.728125 0.213889 0.710417 0.213889
3 0.681464 0.356155 0.688327 0.353105 0.690778 0.370534 0.683915 0.373584
3 0.302083 0.000000 0.319271 0.000000 0.319271 0.021296 0.302083 0.021296
3 0.436979 0.871296 0.442708 0.871296 0.442708 0.882407 0.436979 0.882407
3 0.336967 0.977437 0.342550 0.922844 0.356850 0.927467 0.351267 0.982059
3 0.418027 0.174031 0.424424 0.160763 0.437978 0.181416 0.431581 0.194684
3 0.267229 0.886519 0.302979 0.838852 0.313854 0.864630 0.278104 0.912296
3 0.450885 0.186204 0.458854 0.181481 0.461511 0.195648 0.453542 0.200370
3 0.985937 0.844444 0.995313 0.844444 0.995313 0.855556 0.985937 0.855556
3 0.310423 0.102537 0.314621 0.095695 0.322836 0.111628 0.318638 0.118470
3 0.315625 0.000000 0.336458 0.000000 0.336458 0.012037 0.315625 0.012037
