0 0.154687 0.928704 0.162500 0.928704 0.162500 0.942593 0.154687 0.942593
0 0.415625 0.462037 0.425000 0.462037 0.425000 0.470370 0.415625 0.470370
0 0.503666 0.024252 0.509976 0.022009 0.512179 0.041595 0.505869 0.043839
0 0.334707 0.834628 0.357143 0.790753 0.380241 0.828084 0.357805 0.871958
0 0.531771 0.267593 0.536458 0.267593 0.536458 0.281481 0.531771 0.281481
0 0.235938 0.518519 0.242708 0.518519 0.242708 0.535185 0.235938 0.535185
0 0.041363 0.746023 0.067276 0.683202 0.078521 0.697862 0.052607 0.760683
0 0.620313 0.448148 0.625521 0.448148 0.625521 0.459259 0.620313 0.459259
0 0.346397 0.378824 0.352699 0.371694 0.362672 0.399553 0.356370 0.406683
0 0.293688 0.463588 0.301450 0.443382 0.325325 0.472368 0.317563 0.492574
0 0.299231 0.346862 0.307974 0.337795 0.317948 0.368192 0.309205 0.377260
0 0.890625 0.702778 0.901042 0.702778 0.901042 0.721296 0.890625 0.721296
0 0.103611 0.847259 0.126527 0.823185 0.132863 0.842245 0.109946 0.866319
0 0.327083 0.187037 0.339063 0.187037 0.339063 0.208333 0.327083 0.208333
0 0.369063 0.048889 0.375417 0.026296 0.390000 0.039259 0.383646 0.061852
0 0.331660 0.320131 0.338773 0.317213 0.341713 0.339867 0.334600 0.342785
0 0.014062 0.912963 0.033333 0.912963 0.033333 0.951852 0.014062 0.951852
0 0.261458 0.328704 0.268750 0.328704 0.268750 0.341667 0.261458 0.341667
0 0.248522 0.356456 0.263302 0.352077 0.264823 0.368293 0.250042 0.372673
0 0.531771 0.267593 0.536458 0.267593 0.536458 0.281481 0.531771 0.281481
0 0.011458 0.952778 0.038542 0.952778 0.038542 0.977778 0.011458 0.977778
0 0.455729 0.419444 0.465104 0.419444 0.465104 0.448148 0.455729 0.448148
0 0.011198 0.183796 0.021354 0.165741 0.033333 0.187037 0.023177 0.205093
0 0.444792 0.497222 0.453125 0.497222 0.453125 0.509259 0.444792 0.509259
0 0.374517 0.155074 0.378431 0.148747 0.398581 0.188151 0.394667 0.194478
0 0.010977 0.976355 0.014863 0.913034 0.040776 0.918060 0.036891 0.981380
0 0.277344 0.322685 0.284375 0.310185 0.292708 0.325000 0.285677 0.337500
3 0.154687 0.928704 0.162500 0.928704 0.162500 0.942593 0.154687 0.942593
3 0.334994 0.836525 0.356759 0.791384 0.380392 0.827397 0.358627 0.872538
3 0.235938 0.518519 0.242708 0.518519 0.242708 0.535185 0.235938 0.535185
3 0.020312 0.000000 0.032812 0.000000 0.032812 0.015741 0.020312 0.015741
3 0.041363 0.746023 0.067276 0.683202 0.078521 0.697862 0.052607 0.760683
3 0.890625 0.702778 0.901042 0.702778 0.901042 0.721296 0.890625 0.721296
3 0.619792 0.448148 0.625521 0.448148 0.625521 0.459259 0.619792 0.459259
3 0.014062 0.912963 0.033333 0.912963 0.033333 0.951852 0.014062 0.951852
3 0.415625 0.462037 0.425000 0.462037 0.425000 0.470370 0.415625 0.470370
3 0.346461 0.379003 0.352764 0.371874 0.362672 0.399553 0.356370 0.406683
3 0.293633 0.463065 0.301635 0.442954 0.325012 0.472351 0.317011 0.492461
3 0.299231 0.346862 0.307974 0.337795 0.318043 0.368480 0.309299 0.377547
3 0.103539 0.847522 0.126440 0.823094 0.132828 0.842021 0.109926 0.866449
3 0.327083 0.187037 0.339063 0.187037 0.339063 0.208333 0.327083 0.208333
3 0.370435 0.054684 0.374326 0.027015 0.388297 0.033224 0.384406 0.060893
3 0.331660 0.320131 0.338773 0.317213 0.341713 0.339867 0.334600 0.342785
3 0.261458 0.328704 0.268750 0.328704 0.268750 0.341667 0.261458 0.341667
3 0.248522 0.356456 0.263218 0.352102 0.264738 0.368318 0.250042 0.372673
3 0.531771 0.267593 0.536458 0.267593 0.536458 0.281481 0.531771 0.281481
3 0.503177 0.025278 0.509271 0.021667 0.512760 0.040278 0.506667 0.043889
3 0.011458 0.953704 0.038542 0.953704 0.038542 0.977778 0.011458 0.977778
3 0.455729 0.419444 0.465104 0.419444 0.465104 0.448148 0.455729 0.448148
3 0.415625 0.462037 0.425000 0.462037 0.425000 0.470370 0.415625 0.470370
3 0.014583 0.173148 0.031250 0.173148 0.031250 0.200000 0.014583 0.200000
3 0.443646 0.505926 0.446771 0.494815 0.453854 0.501111 0.450729 0.512222
3 0.374517 0.155074 0.378431 0.148747 0.398581 0.188151 0.394667 0.194478
3 0.011045 0.976050 0.014977 0.913144 0.040758 0.918236 0.036827 0.981143
3 0.277344 0.322685 0.284375 0.310185 0.292708 0.325000 0.285677 0.337500
